name: keras-gpu
channels:
  - conda-forge
  - anaconda
  - defaults
dependencies:
  - freetype=2.8=vc14h17c9bdf_0
  - icu=58.2=vc14hc45fdbb_0
  - jpeg=9b=vc14h4d7706e_1
  - libpng=1.6.32=vc14h5163883_3
  - pywin32=222=py36hfa6e2cd_0
  - sqlite=3.20.1=vc14h7ce8c62_1
  - zlib=1.2.11=vc14h1cdd9ab_1
  - backports=1.0=py36_1
  - backports.functools_lru_cache=1.5=py36_0
  - libtiff=4.0.9=vc14_0
  - qt=5.6.2=vc14_1
  - ca-certificates=2017.08.26=h94faf87_0
  - certifi=2018.1.18=py36_0
  - cycler=0.10.0=py36h009560c_0
  - h5py=2.7.1=py36he54a1c3_0
  - hdf5=1.10.1=h98b8871_1
  - icc_rt=2017.0.4=h97af966_0
  - intel-openmp=2018.0.0=hd92c6cd_8
  - libprotobuf=3.4.1=h3dba5dd_0
  - mkl=2018.0.1=h2108138_4
  - numpy=1.12.1=py36hf30b8aa_1
  - opencv=3.3.1=py36h20b85fd_1
  - openssl=1.0.2n=h74b6da3_0
  - pip=9.0.1=py36h226ae91_4
  - protobuf=3.4.1=py36h07fa351_0
  - pyparsing=2.2.0=py36h785a196_1
  - pyqt=5.6.0=py36hb5ed885_5
  - python=3.6.4=h6538335_1
  - python-dateutil=2.6.1=py36h509ddcb_1
  - pytz=2017.3=py36h1d3fa6b_0
  - pyyaml=3.12=py36h1d1928f_1
  - scipy=1.0.0=py36h1260518_0
  - setuptools=38.4.0=py36_0
  - sip=4.18.1=py36h9c25514_2
  - six=1.11.0=py36h4db2310_1
  - tk=8.6.7=hcb92d03_3
  - tornado=4.5.3=py36_0
  - vc=14=h0510ff6_3
  - vs2015_runtime=14.0.25420=0
  - werkzeug=0.14.1=py36_0
  - wheel=0.30.0=py36h6c3ec14_1
  - wincertstore=0.2=py36h7fe50ca_0
  - yaml=0.1.7=hc54c509_2
  - pip:
    - absl-py==0.1.10
    - bleach==1.5.0
    - html5lib==0.9999999
    - keras==2.1.3
    - markdown==2.6.11
    - matplotlib==2.0.1
    - object-detection==0.1
    - pillow==5.0.0
    - slim==0.1
    - tensorflow-gpu==1.5.0
    - tensorflow-tensorboard==1.5.1
    - termcolor==1.1.0
    - win32core==221.36
    - win32gui==221.6
prefix: C:\Users\codywin\AppData\Local\conda\conda\envs\tensorflow-gpu
